   2.5703100e-03
  -2.6018400e-03
  -6.2596300e-03
   4.2170600e-03
  -3.3080000e-04
   2.1003700e-03
  -3.7834000e-03
  -2.1271600e-03
   4.0468000e-04
   1.9887000e-04
   3.5040100e-03
  -2.2688000e-04
   2.0520000e-05
   1.0200000e-05
  -4.7400000e-04
   1.9257500e-03
  -2.3469000e-03
   1.1654200e-03
  -1.1145300e-03
   1.5463000e-04
  -1.1458200e-03
   1.9070000e-03
  -3.9971000e-04
   2.0873400e-03
  -4.4860000e-04
  -3.5957000e-04
  -1.8031000e-04
  -2.8830000e-05
   3.3776000e-04
  -8.6330000e-05
  -1.6898400e-03
   5.5252000e-04
   1.1922100e-03
  -1.8251400e-03
   2.5939600e-03
  -3.2244800e-03
  -5.1221000e-04
   1.8837300e-03
   3.5576000e-04
  -1.1051700e-03
  -3.9533000e-04
   3.0145300e-03
  -2.3634400e-03
   8.5846000e-04
   2.0781400e-03
   1.2408700e-03
  -2.8373900e-03
   3.7497200e-03
   8.0449000e-04
  -3.5610300e-03
   7.1113000e-03
   3.1347600e-03
   3.2659900e-03
   2.5438900e-03
  -1.8951400e-03
  -7.4507000e-04
  -3.0927200e-03
  -5.7422000e-04
   1.1428600e-03
   1.9176900e-03
  -1.0676400e-03
